16 32
6 3 6 10 10 2 11 6 10 2 10 10 10 3 6 3 
5 12 9 6 3 12 3 5 7 12 3 6 3 5 5 5 
5 14 10 1 5 6 9 4 8 11 5 5 12 9 5 5 
12 10 3 5 5 12 10 9 6 10 9 12 3 6 9 5 
6 10 9 13 12 10 2 11 12 3 14 10 8 9 6 9 
5 7 6 2 10 3 5 6 3 12 10 10 10 3 12 3 
5 4 9 5 7 5 12 1 5 6 2 10 11 5 6 9 
5 5 7 5 5 12 3 13 12 9 12 3 6 9 5 7 
5 4 9 5 4 3 12 3 6 10 10 1 5 6 9 5 
5 13 6 9 5 12 3 5 5 7 6 9 5 12 10 9 
12 10 9 6 9 7 5 5 5 5 5 7 12 10 10 3 
14 10 3 5 6 9 5 12 9 4 9 12 10 2 11 5 
6 10 9 4 9 6 9 6 3 12 10 10 3 12 3 5 
4 10 3 5 6 1 6 9 4 10 10 11 12 10 1 5 
12 3 12 9 5 13 12 3 12 3 6 10 10 10 9 5 
6 9 14 3 12 10 3 5 7 12 9 6 10 10 10 1 
12 10 2 9 6 3 5 5 4 10 3 12 3 14 2 8 
7 6 9 6 9 12 1 12 9 6 8 11 12 3 12 11 
4 9 7 12 3 14 8 11 6 8 11 6 3 4 10 3 
5 6 1 6 9 6 3 6 9 6 3 5 5 13 6 1 
12 9 5 12 10 9 12 8 11 5 5 5 5 6 9 5 
6 11 5 6 10 10 10 3 6 9 12 9 5 5 6 9 
4 10 9 12 3 6 3 5 12 3 14 3 12 9 5 7 
12 3 6 3 12 9 5 12 3 5 6 9 6 3 5 5 
7 5 5 12 10 10 9 7 5 5 12 2 9 5 5 5 
5 5 5 6 10 10 3 4 9 12 3 13 6 1 12 1 
4 9 5 12 3 7 5 12 3 6 9 6 9 5 6 9 
12 10 1 7 5 12 8 3 13 5 6 9 6 9 12 3 
7 6 9 5 12 3 7 12 10 9 4 3 5 6 3 5 
4 9 6 9 6 9 5 6 10 10 9 5 13 5 5 5 
5 7 5 14 8 3 4 9 6 3 7 5 6 9 5 5 
8 9 12 10 10 9 12 10 9 12 9 12 8 11 12 9 
