16 32
6 3 6 2 11 6 2 11 6 10 2 10 3 14 2 3 
5 12 9 5 6 9 12 10 9 6 9 14 8 10 9 5 
5 6 3 12 9 14 10 3 6 9 6 3 14 2 3 5 
5 5 12 10 10 10 10 1 12 10 9 12 3 5 5 4 
12 9 6 2 3 7 6 9 6 3 14 3 5 5 12 9 
7 6 9 5 12 9 12 10 9 5 6 1 5 12 3 7 
4 8 11 5 6 2 11 6 3 12 9 5 12 3 12 9 
5 7 6 9 5 12 3 5 12 2 11 12 3 12 10 3 
12 1 5 6 8 11 5 5 7 12 10 10 8 10 11 5 
6 9 12 9 6 10 9 12 1 6 10 3 6 10 3 5 
5 14 3 6 1 6 2 11 5 5 6 9 5 7 5 5 
12 3 5 5 5 5 5 6 9 5 12 11 5 12 8 1 
6 9 5 5 13 5 12 8 10 9 6 10 9 6 3 5 
5 6 1 12 3 4 11 6 3 6 1 6 10 9 5 5 
5 13 12 3 12 9 6 1 12 9 13 5 6 3 5 13 
12 3 6 1 6 10 9 13 6 3 6 9 13 5 12 3 
7 5 5 5 12 2 10 10 9 5 12 3 6 9 6 9 
5 12 1 13 7 5 6 10 3 4 10 9 12 3 12 3 
4 10 9 6 9 5 5 6 9 12 3 6 2 1 7 5 
1 7 6 9 7 5 5 12 3 14 1 13 5 12 9 5 
12 1 12 3 4 9 12 3 12 3 12 10 1 6 10 1 
6 9 7 5 5 6 3 5 14 8 3 14 9 4 3 13 
12 10 9 5 13 5 5 5 6 3 12 10 3 5 12 3 
6 10 3 12 10 9 5 4 9 12 3 14 1 13 6 1 
12 3 12 3 6 10 9 12 3 7 12 3 12 3 5 5 
7 12 3 12 9 7 6 10 9 5 6 9 14 8 9 13 
4 10 9 7 6 8 9 6 2 9 12 3 6 3 6 3 
12 10 3 12 8 3 6 1 13 6 3 5 5 12 9 5 
6 3 12 3 7 4 9 13 6 9 5 12 1 6 10 1 
5 5 7 5 12 1 6 10 9 14 8 3 13 5 7 5 
5 12 9 12 3 13 12 10 10 3 7 12 10 9 5 5 
12 10 10 10 8 10 10 10 10 9 12 10 10 10 8 9 
