16 16
6 10 10 2 10 10 10 10 10 3 14 10 10 10 10 3 
12 11 6 1 6 10 10 3 14 8 11 6 2 11 6 9 
2 10 9 5 5 6 11 5 6 10 10 9 5 6 9 7 
4 10 3 13 4 9 6 1 5 6 10 3 12 9 6 9 
4 11 5 6 9 6 9 13 12 9 7 12 10 3 12 3 
5 6 1 12 3 12 3 6 10 2 1 6 11 12 3 5 
13 5 5 6 9 7 12 9 7 5 12 8 2 11 5 5 
6 9 5 12 3 4 10 2 9 12 3 6 9 6 9 5 
5 7 4 11 5 5 7 12 2 11 5 5 6 9 6 0 
5 4 9 6 9 5 4 10 9 6 9 13 5 6 9 13 
5 12 11 12 10 9 5 6 3 5 6 10 9 12 2 3 
12 10 10 3 6 3 5 13 5 12 9 6 10 3 13 5 
6 10 3 12 9 5 12 10 8 3 6 9 7 5 6 9 
4 3 12 10 10 9 6 10 3 5 12 3 4 9 12 3 
5 12 10 10 10 3 12 3 5 12 3 5 5 14 2 1 
12 10 10 10 11 12 10 9 12 10 8 9 12 10 9 13 
